    var histcatexplong = [
{ "key" : "Akureyri", "values" : [
[ 2004 , 16542 ],
[ 2005 , 16838 ],
[ 2006 , 16921 ],
[ 2007 , 17356 ],
[ 2008 , 17614 ],
[ 2009 , 17563 ],
[ 2010 , 17728 ],
[ 2011 , 17869 ],
[ 2012 , 17956 ],
[ 2013 , 18073 ],
[ 2014 , 18195 ],
] },
{ "key" : "Grindavíkurbær", "values" : [
[ 2004 , 2479 ],
[ 2005 , 2624 ],
[ 2006 , 2697 ],
[ 2007 , 2760 ],
[ 2008 , 2849 ],
[ 2009 , 2841 ],
[ 2010 , 2821 ],
[ 2011 , 2827 ],
[ 2012 , 2850 ],
[ 2013 , 2889 ],
[ 2014 , 2977 ],
] },
{ "key" : "Rangárþing eystra", "values" : [
[ 2004 , 1651 ],
[ 2005 , 1672 ],
[ 2006 , 1694 ],
[ 2007 , 1741 ],
[ 2008 , 1762 ],
[ 2009 , 1744 ],
[ 2010 , 1753 ],
[ 2011 , 1744 ],
[ 2012 , 1742 ],
[ 2013 , 1703 ],
[ 2014 , 1747 ],
] },
{ "key" : "Reykjanesbær", "values" : [
[ 2004 , 10954 ],
[ 2005 , 11346 ],
[ 2006 , 11928 ],
[ 2007 , 13256 ],
[ 2008 , 14208 ],
[ 2009 , 14081 ],
[ 2010 , 13933 ],
[ 2011 , 14156 ],
[ 2012 , 14233 ],
[ 2013 , 14524 ],
[ 2014 , 14918 ],
] },
{ "key" : "Húnaþing vestra", "values" : [
[ 2004 , 1278 ],
[ 2005 , 1278 ],
[ 2006 , 1267 ],
[ 2007 , 1252 ],
[ 2008 , 1240 ],
[ 2009 , 1218 ],
[ 2010 , 1220 ],
[ 2011 , 1186 ],
[ 2012 , 1174 ],
[ 2013 , 1171 ],
[ 2014 , 1169 ],
] },
{ "key" : "Sveitarfélagið Árborg", "values" : [
[ 2004 , 6522 ],
[ 2005 , 6961 ],
[ 2006 , 7280 ],
[ 2007 , 7565 ],
[ 2008 , 7928 ],
[ 2009 , 7810 ],
[ 2010 , 7818 ],
[ 2011 , 7776 ],
[ 2012 , 7833 ],
[ 2013 , 7888 ],
[ 2014 , 8035 ],
] },
{ "key" : "Langanesbyggð", "values" : [
[ 2004 , 548 ],
[ 2005 , 542 ],
[ 2006 , 518 ],
[ 2007 , 479 ],
[ 2008 , 511 ],
[ 2009 , 519 ],
[ 2010 , 505 ],
[ 2011 , 513 ],
[ 2012 , 524 ],
[ 2013 , 528 ],
[ 2014 , 514 ],
] },
{ "key" : "Skaftárhreppur", "values" : [
[ 2004 , 506 ],
[ 2005 , 490 ],
[ 2006 , 485 ],
[ 2007 , 466 ],
[ 2008 , 467 ],
[ 2009 , 450 ],
[ 2010 , 447 ],
[ 2011 , 442 ],
[ 2012 , 445 ],
[ 2013 , 453 ],
[ 2014 , 459 ],
] },
{ "key" : "Flóahreppur", "values" : [
[ 2004 , 517 ],
[ 2005 , 526 ],
[ 2006 , 551 ],
[ 2007 , 576 ],
[ 2008 , 592 ],
[ 2009 , 595 ],
[ 2010 , 591 ],
[ 2011 , 601 ],
[ 2012 , 641 ],
[ 2013 , 628 ],
[ 2014 , 617 ],
] },
{ "key" : "Skeiða- og Gnúpverjahreppur", "values" : [
[ 2004 , 529 ],
[ 2005 , 521 ],
[ 2006 , 527 ],
[ 2007 , 535 ],
[ 2008 , 516 ],
[ 2009 , 519 ],
[ 2010 , 504 ],
[ 2011 , 508 ],
[ 2012 , 500 ],
[ 2013 , 528 ],
[ 2014 , 514 ],
] },
{ "key" : "Snæfellsbær", "values" : [
[ 2004 , 1717 ],
[ 2005 , 1743 ],
[ 2006 , 1702 ],
[ 2007 , 1703 ],
[ 2008 , 1717 ],
[ 2009 , 1701 ],
[ 2010 , 1724 ],
[ 2011 , 1735 ],
[ 2012 , 1716 ],
[ 2013 , 1681 ],
[ 2014 , 1680 ],
] },
{ "key" : "Fjallabyggð", "values" : [
[ 2004 , 2366 ],
[ 2005 , 2298 ],
[ 2006 , 2261 ],
[ 2007 , 2188 ],
[ 2008 , 2129 ],
[ 2009 , 2082 ],
[ 2010 , 2037 ],
[ 2011 , 2050 ],
[ 2012 , 2013 ],
[ 2013 , 2016 ],
[ 2014 , 2041 ],
] },
{ "key" : "Þingeyjarsveit", "values" : [
[ 2004 , 963 ],
[ 2005 , 942 ],
[ 2006 , 956 ],
[ 2007 , 942 ],
[ 2008 , 945 ],
[ 2009 , 941 ],
[ 2010 , 946 ],
[ 2011 , 912 ],
[ 2012 , 918 ],
[ 2013 , 917 ],
[ 2014 , 921 ],
] },
{ "key" : "Fljótsdalshreppur", "values" : [
[ 2004 , 261 ],
[ 2005 , 355 ],
[ 2006 , 524 ],
[ 2007 , 366 ],
[ 2008 , 143 ],
[ 2009 , 89 ],
[ 2010 , 79 ],
[ 2011 , 79 ],
[ 2012 , 80 ],
[ 2013 , 70 ],
[ 2014 , 75 ],
] },
{ "key" : "Tjörneshreppur", "values" : [
[ 2004 , 64 ],
[ 2005 , 63 ],
[ 2006 , 60 ],
[ 2007 , 60 ],
[ 2008 , 58 ],
[ 2009 , 56 ],
[ 2010 , 60 ],
[ 2011 , 55 ],
[ 2012 , 55 ],
[ 2013 , 55 ],
[ 2014 , 59 ],
] },
{ "key" : "Sveitarfélagið Ölfus", "values" : [
[ 2004 , 1725 ],
[ 2005 , 1799 ],
[ 2006 , 1854 ],
[ 2007 , 1930 ],
[ 2008 , 2002 ],
[ 2009 , 1945 ],
[ 2010 , 1909 ],
[ 2011 , 1922 ],
[ 2012 , 1902 ],
[ 2013 , 1901 ],
[ 2014 , 1894 ],
] },
{ "key" : "Grímsnes- og Grafningshreppur", "values" : [
[ 2004 , 344 ],
[ 2005 , 356 ],
[ 2006 , 375 ],
[ 2007 , 379 ],
[ 2008 , 444 ],
[ 2009 , 415 ],
[ 2010 , 401 ],
[ 2011 , 420 ],
[ 2012 , 423 ],
[ 2013 , 416 ],
[ 2014 , 434 ],
] },
{ "key" : "Svalbarðsstrandarhreppur", "values" : [
[ 2004 , 365 ],
[ 2005 , 382 ],
[ 2006 , 381 ],
[ 2007 , 385 ],
[ 2008 , 396 ],
[ 2009 , 414 ],
[ 2010 , 398 ],
[ 2011 , 392 ],
[ 2012 , 415 ],
[ 2013 , 395 ],
[ 2014 , 413 ],
] },
{ "key" : "Eyjafjarðarsveit", "values" : [
[ 2004 , 993 ],
[ 2005 , 978 ],
[ 2006 , 998 ],
[ 2007 , 1009 ],
[ 2008 , 1040 ],
[ 2009 , 1030 ],
[ 2010 , 1029 ],
[ 2011 , 1034 ],
[ 2012 , 1017 ],
[ 2013 , 1024 ],
[ 2014 , 1035 ],
] },
{ "key" : "Mosfellsbær", "values" : [
[ 2004 , 6782 ],
[ 2005 , 7157 ],
[ 2006 , 7501 ],
[ 2007 , 8147 ],
[ 2008 , 8469 ],
[ 2009 , 8527 ],
[ 2010 , 8631 ],
[ 2011 , 8822 ],
[ 2012 , 8950 ],
[ 2013 , 9084 ],
[ 2014 , 9296 ],
] },
{ "key" : "Kópavogur", "values" : [
[ 2004 , 25784 ],
[ 2005 , 26468 ],
[ 2006 , 27536 ],
[ 2007 , 28561 ],
[ 2008 , 29957 ],
[ 2009 , 30314 ],
[ 2010 , 30697 ],
[ 2011 , 31139 ],
[ 2012 , 31676 ],
[ 2013 , 32303 ],
[ 2014 , 33095 ],
] },
{ "key" : "Kjósarhreppur", "values" : [
[ 2004 , 145 ],
[ 2005 , 162 ],
[ 2006 , 181 ],
[ 2007 , 191 ],
[ 2008 , 196 ],
[ 2009 , 195 ],
[ 2010 , 204 ],
[ 2011 , 219 ],
[ 2012 , 204 ],
[ 2013 , 219 ],
[ 2014 , 216 ],
] },
{ "key" : "Dalabyggð", "values" : [
[ 2004 , 711 ],
[ 2005 , 715 ],
[ 2006 , 682 ],
[ 2007 , 710 ],
[ 2008 , 712 ],
[ 2009 , 696 ],
[ 2010 , 687 ],
[ 2011 , 684 ],
[ 2012 , 664 ],
[ 2013 , 674 ],
[ 2014 , 677 ],
] },
{ "key" : "Djúpavogshreppur", "values" : [
[ 2004 , 479 ],
[ 2005 , 458 ],
[ 2006 , 463 ],
[ 2007 , 450 ],
[ 2008 , 456 ],
[ 2009 , 439 ],
[ 2010 , 448 ],
[ 2011 , 463 ],
[ 2012 , 453 ],
[ 2013 , 471 ],
[ 2014 , 427 ],
] },
{ "key" : "Grundarfjarðarbær", "values" : [
[ 2004 , 938 ],
[ 2005 , 974 ],
[ 2006 , 954 ],
[ 2007 , 918 ],
[ 2008 , 921 ],
[ 2009 , 910 ],
[ 2010 , 903 ],
[ 2011 , 904 ],
[ 2012 , 904 ],
[ 2013 , 873 ],
[ 2014 , 897 ],
] },
{ "key" : "Skagabyggð", "values" : [
[ 2004 , 101 ],
[ 2005 , 99 ],
[ 2006 , 96 ],
[ 2007 , 106 ],
[ 2008 , 102 ],
[ 2009 , 106 ],
[ 2010 , 105 ],
[ 2011 , 104 ],
[ 2012 , 100 ],
[ 2013 , 98 ],
[ 2014 , 99 ],
] },
{ "key" : "Strandabyggð", "values" : [
[ 2004 , 515 ],
[ 2005 , 500 ],
[ 2006 , 507 ],
[ 2007 , 500 ],
[ 2008 , 490 ],
[ 2009 , 506 ],
[ 2010 , 501 ],
[ 2011 , 515 ],
[ 2012 , 517 ],
[ 2013 , 505 ],
[ 2014 , 473 ],
] },
{ "key" : "Sveitarfélagið Hornafjörður", "values" : [
[ 2004 , 2225 ],
[ 2005 , 2189 ],
[ 2006 , 2186 ],
[ 2007 , 2120 ],
[ 2008 , 2110 ],
[ 2009 , 2089 ],
[ 2010 , 2116 ],
[ 2011 , 2141 ],
[ 2012 , 2167 ],
[ 2013 , 2169 ],
[ 2014 , 2149 ],
] },
{ "key" : "Hörgársveit", "values" : [
[ 2004 , 573 ],
[ 2005 , 573 ],
[ 2006 , 587 ],
[ 2007 , 587 ],
[ 2008 , 593 ],
[ 2009 , 606 ],
[ 2010 , 599 ],
[ 2011 , 583 ],
[ 2012 , 566 ],
[ 2013 , 567 ],
[ 2014 , 568 ],
] },
{ "key" : "Tálknafjarðarhreppur", "values" : [
[ 2004 , 326 ],
[ 2005 , 297 ],
[ 2006 , 292 ],
[ 2007 , 290 ],
[ 2008 , 302 ],
[ 2009 , 297 ],
[ 2010 , 304 ],
[ 2011 , 279 ],
[ 2012 , 293 ],
[ 2013 , 297 ],
[ 2014 , 306 ],
] },
{ "key" : "Akrahreppur", "values" : [
[ 2004 , 215 ],
[ 2005 , 225 ],
[ 2006 , 222 ],
[ 2007 , 204 ],
[ 2008 , 217 ],
[ 2009 , 208 ],
[ 2010 , 205 ],
[ 2011 , 197 ],
[ 2012 , 195 ],
[ 2013 , 208 ],
[ 2014 , 195 ],
] },
{ "key" : "Borgarfjarðarhreppur", "values" : [
[ 2004 , 137 ],
[ 2005 , 146 ],
[ 2006 , 146 ],
[ 2007 , 146 ],
[ 2008 , 142 ],
[ 2009 , 135 ],
[ 2010 , 140 ],
[ 2011 , 131 ],
[ 2012 , 131 ],
[ 2013 , 135 ],
[ 2014 , 136 ],
] },
{ "key" : "Helgafellssveit", "values" : [
[ 2004 , 47 ],
[ 2005 , 55 ],
[ 2006 , 58 ],
[ 2007 , 58 ],
[ 2008 , 59 ],
[ 2009 , 64 ],
[ 2010 , 61 ],
[ 2011 , 57 ],
[ 2012 , 58 ],
[ 2013 , 54 ],
[ 2014 , 53 ],
] },
{ "key" : "Ásahreppur", "values" : [
[ 2004 , 150 ],
[ 2005 , 164 ],
[ 2006 , 158 ],
[ 2007 , 171 ],
[ 2008 , 182 ],
[ 2009 , 190 ],
[ 2010 , 194 ],
[ 2011 , 204 ],
[ 2012 , 192 ],
[ 2013 , 195 ],
[ 2014 , 216 ],
] },
{ "key" : "Reykhólahreppur", "values" : [
[ 2004 , 260 ],
[ 2005 , 255 ],
[ 2006 , 251 ],
[ 2007 , 266 ],
[ 2008 , 279 ],
[ 2009 , 292 ],
[ 2010 , 278 ],
[ 2011 , 270 ],
[ 2012 , 279 ],
[ 2013 , 274 ],
[ 2014 , 269 ],
] },
{ "key" : "Sveitarfélagið Skagaströnd", "values" : [
[ 2004 , 562 ],
[ 2005 , 545 ],
[ 2006 , 534 ],
[ 2007 , 526 ],
[ 2008 , 523 ],
[ 2009 , 519 ],
[ 2010 , 531 ],
[ 2011 , 506 ],
[ 2012 , 508 ],
[ 2013 , 496 ],
[ 2014 , 490 ],
] },
{ "key" : "Súðavíkurhreppur", "values" : [
[ 2004 , 235 ],
[ 2005 , 235 ],
[ 2006 , 229 ],
[ 2007 , 214 ],
[ 2008 , 215 ],
[ 2009 , 205 ],
[ 2010 , 194 ],
[ 2011 , 182 ],
[ 2012 , 179 ],
[ 2013 , 204 ],
[ 2014 , 206 ],
] },
{ "key" : "Dalvíkurbyggð", "values" : [
[ 2004 , 1946 ],
[ 2005 , 1927 ],
[ 2006 , 1966 ],
[ 2007 , 1951 ],
[ 2008 , 1942 ],
[ 2009 , 1951 ],
[ 2010 , 1958 ],
[ 2011 , 1914 ],
[ 2012 , 1859 ],
[ 2013 , 1862 ],
[ 2014 , 1857 ],
] },
{ "key" : "Hafnarfjörður", "values" : [
[ 2004 , 21942 ],
[ 2005 , 22451 ],
[ 2006 , 23674 ],
[ 2007 , 24839 ],
[ 2008 , 25837 ],
[ 2009 , 25872 ],
[ 2010 , 26045 ],
[ 2011 , 26434 ],
[ 2012 , 26763 ],
[ 2013 , 27325 ],
[ 2014 , 27818 ],
] },
{ "key" : "Vopnafjarðarhreppur", "values" : [
[ 2004 , 732 ],
[ 2005 , 725 ],
[ 2006 , 712 ],
[ 2007 , 701 ],
[ 2008 , 674 ],
[ 2009 , 682 ],
[ 2010 , 670 ],
[ 2011 , 675 ],
[ 2012 , 687 ],
[ 2013 , 697 ],
[ 2014 , 675 ],
] },
{ "key" : "Sveitarfélagið Skagafjörður", "values" : [
[ 2004 , 4141 ],
[ 2005 , 4110 ],
[ 2006 , 4078 ],
[ 2007 , 4027 ],
[ 2008 , 4077 ],
[ 2009 , 4137 ],
[ 2010 , 4100 ],
[ 2011 , 4024 ],
[ 2012 , 4007 ],
[ 2013 , 3972 ],
[ 2014 , 3908 ],
] },
{ "key" : "Kaldrananeshreppur", "values" : [
[ 2004 , 117 ],
[ 2005 , 112 ],
[ 2006 , 101 ],
[ 2007 , 102 ],
[ 2008 , 110 ],
[ 2009 , 114 ],
[ 2010 , 106 ],
[ 2011 , 105 ],
[ 2012 , 100 ],
[ 2013 , 104 ],
[ 2014 , 109 ],
] },
{ "key" : "Norðurþing", "values" : [
[ 2004 , 3098 ],
[ 2005 , 3031 ],
[ 2006 , 3023 ],
[ 2007 , 2970 ],
[ 2008 , 2998 ],
[ 2009 , 2929 ],
[ 2010 , 2917 ],
[ 2011 , 2880 ],
[ 2012 , 2863 ],
[ 2013 , 2826 ],
[ 2014 , 2806 ],
] },
{ "key" : "Skorradalshreppur", "values" : [
[ 2004 , 64 ],
[ 2005 , 64 ],
[ 2006 , 56 ],
[ 2007 , 60 ],
[ 2008 , 53 ],
[ 2009 , 61 ],
[ 2010 , 57 ],
[ 2011 , 66 ],
[ 2012 , 57 ],
[ 2013 , 58 ],
[ 2014 , 61 ],
] },
{ "key" : "Sveitarfélagið Garður", "values" : [
[ 2004 , 1322 ],
[ 2005 , 1376 ],
[ 2006 , 1486 ],
[ 2007 , 1451 ],
[ 2008 , 1542 ],
[ 2009 , 1520 ],
[ 2010 , 1456 ],
[ 2011 , 1484 ],
[ 2012 , 1428 ],
[ 2013 , 1412 ],
[ 2014 , 1432 ],
] },
{ "key" : "Sveitarfélagið Vogar", "values" : [
[ 2004 , 939 ],
[ 2005 , 1018 ],
[ 2006 , 1106 ],
[ 2007 , 1225 ],
[ 2008 , 1215 ],
[ 2009 , 1195 ],
[ 2010 , 1165 ],
[ 2011 , 1130 ],
[ 2012 , 1106 ],
[ 2013 , 1128 ],
[ 2014 , 1109 ],
] },
{ "key" : "Garðabær", "values" : [
[ 2004 , 11060 ],
[ 2005 , 11606 ],
[ 2006 , 11807 ],
[ 2007 , 12274 ],
[ 2008 , 12868 ],
[ 2009 , 13111 ],
[ 2010 , 13374 ],
[ 2011 , 13682 ],
[ 2012 , 13867 ],
[ 2013 , 14137 ],
[ 2014 , 14450 ],
] },
{ "key" : "Fljótsdalshérað", "values" : [
[ 2004 , 3364 ],
[ 2005 , 3905 ],
[ 2006 , 4644 ],
[ 2007 , 4073 ],
[ 2008 , 3707 ],
[ 2009 , 3465 ],
[ 2010 , 3406 ],
[ 2011 , 3404 ],
[ 2012 , 3438 ],
[ 2013 , 3476 ],
[ 2014 , 3457 ],
] },
{ "key" : "Skútustaðahreppur", "values" : [
[ 2004 , 437 ],
[ 2005 , 428 ],
[ 2006 , 410 ],
[ 2007 , 403 ],
[ 2008 , 388 ],
[ 2009 , 374 ],
[ 2010 , 389 ],
[ 2011 , 386 ],
[ 2012 , 380 ],
[ 2013 , 371 ],
[ 2014 , 399 ],
] },
{ "key" : "Vestmannaeyjar", "values" : [
[ 2004 , 4227 ],
[ 2005 , 4175 ],
[ 2006 , 4075 ],
[ 2007 , 4040 ],
[ 2008 , 4090 ],
[ 2009 , 4129 ],
[ 2010 , 4133 ],
[ 2011 , 4193 ],
[ 2012 , 4219 ],
[ 2013 , 4246 ],
[ 2014 , 4274 ],
] },
{ "key" : "Ísafjarðarbær", "values" : [
[ 2004 , 4131 ],
[ 2005 , 4109 ],
[ 2006 , 4098 ],
[ 2007 , 3963 ],
[ 2008 , 3968 ],
[ 2009 , 3897 ],
[ 2010 , 3816 ],
[ 2011 , 3758 ],
[ 2012 , 3744 ],
[ 2013 , 3654 ],
[ 2014 , 3623 ],
] },
{ "key" : "Sandgerði", "values" : [
[ 2004 , 1398 ],
[ 2005 , 1535 ],
[ 2006 , 1663 ],
[ 2007 , 1723 ],
[ 2008 , 1750 ],
[ 2009 , 1711 ],
[ 2010 , 1677 ],
[ 2011 , 1664 ],
[ 2012 , 1579 ],
[ 2013 , 1602 ],
[ 2014 , 1586 ],
] },
{ "key" : "Stykkishólmur", "values" : [
[ 2004 , 1137 ],
[ 2005 , 1165 ],
[ 2006 , 1149 ],
[ 2007 , 1103 ],
[ 2008 , 1108 ],
[ 2009 , 1090 ],
[ 2010 , 1103 ],
[ 2011 , 1111 ],
[ 2012 , 1113 ],
[ 2013 , 1099 ],
[ 2014 , 1106 ],
] },
{ "key" : "Árneshreppur", "values" : [
[ 2004 , 57 ],
[ 2005 , 50 ],
[ 2006 , 50 ],
[ 2007 , 48 ],
[ 2008 , 49 ],
[ 2009 , 50 ],
[ 2010 , 52 ],
[ 2011 , 52 ],
[ 2012 , 54 ],
[ 2013 , 51 ],
[ 2014 , 54 ],
] },
{ "key" : "Bláskógabyggð", "values" : [
[ 2004 , 888 ],
[ 2005 , 921 ],
[ 2006 , 921 ],
[ 2007 , 972 ],
[ 2008 , 986 ],
[ 2009 , 937 ],
[ 2010 , 942 ],
[ 2011 , 907 ],
[ 2012 , 892 ],
[ 2013 , 931 ],
[ 2014 , 967 ],
] },
{ "key" : "Grýtubakkahreppur", "values" : [
[ 2004 , 393 ],
[ 2005 , 366 ],
[ 2006 , 368 ],
[ 2007 , 357 ],
[ 2008 , 338 ],
[ 2009 , 337 ],
[ 2010 , 334 ],
[ 2011 , 351 ],
[ 2012 , 358 ],
[ 2013 , 356 ],
[ 2014 , 368 ],
] },
{ "key" : "Rangárþing ytra", "values" : [
[ 2004 , 1450 ],
[ 2005 , 1459 ],
[ 2006 , 1526 ],
[ 2007 , 1547 ],
[ 2008 , 1610 ],
[ 2009 , 1545 ],
[ 2010 , 1530 ],
[ 2011 , 1504 ],
[ 2012 , 1520 ],
[ 2013 , 1563 ],
[ 2014 , 1545 ],
] },
{ "key" : "Akranes", "values" : [
[ 2004 , 5655 ],
[ 2005 , 5782 ],
[ 2006 , 5955 ],
[ 2007 , 6345 ],
[ 2008 , 6630 ],
[ 2009 , 6555 ],
[ 2010 , 6600 ],
[ 2011 , 6586 ],
[ 2012 , 6636 ],
[ 2013 , 6697 ],
[ 2014 , 6753 ],
] },
{ "key" : "Borgarbyggð", "values" : [
[ 2004 , 3447 ],
[ 2005 , 3625 ],
[ 2006 , 3713 ],
[ 2007 , 3742 ],
[ 2008 , 3747 ],
[ 2009 , 3543 ],
[ 2010 , 3484 ],
[ 2011 , 3478 ],
[ 2012 , 3482 ],
[ 2013 , 3532 ],
[ 2014 , 3542 ],
] },
{ "key" : "Breiðdalshreppur", "values" : [
[ 2004 , 249 ],
[ 2005 , 232 ],
[ 2006 , 244 ],
[ 2007 , 218 ],
[ 2008 , 197 ],
[ 2009 , 209 ],
[ 2010 , 205 ],
[ 2011 , 189 ],
[ 2012 , 180 ],
[ 2013 , 187 ],
[ 2014 , 188 ],
] },
{ "key" : "Hrunamannahreppur", "values" : [
[ 2004 , 754 ],
[ 2005 , 767 ],
[ 2006 , 786 ],
[ 2007 , 794 ],
[ 2008 , 794 ],
[ 2009 , 789 ],
[ 2010 , 793 ],
[ 2011 , 771 ],
[ 2012 , 781 ],
[ 2013 , 784 ],
[ 2014 , 786 ],
] },
{ "key" : "Húnavatnshreppur", "values" : [
[ 2004 , 487 ],
[ 2005 , 471 ],
[ 2006 , 463 ],
[ 2007 , 451 ],
[ 2008 , 426 ],
[ 2009 , 433 ],
[ 2010 , 419 ],
[ 2011 , 413 ],
[ 2012 , 404 ],
[ 2013 , 411 ],
[ 2014 , 416 ],
] },
{ "key" : "Bolungarvík", "values" : [
[ 2004 , 934 ],
[ 2005 , 918 ],
[ 2006 , 905 ],
[ 2007 , 904 ],
[ 2008 , 962 ],
[ 2009 , 968 ],
[ 2010 , 887 ],
[ 2011 , 890 ],
[ 2012 , 924 ],
[ 2013 , 949 ],
[ 2014 , 927 ],
] },
{ "key" : "Reykjavík", "values" : [
[ 2004 , 113730 ],
[ 2005 , 114800 ],
[ 2006 , 116446 ],
[ 2007 , 117721 ],
[ 2008 , 119848 ],
[ 2009 , 118427 ],
[ 2010 , 118908 ],
[ 2011 , 118785 ],
[ 2012 , 119632 ],
[ 2013 , 121116 ],
[ 2014 , 121814 ],
] },
{ "key" : "Fjarðabyggð", "values" : [
[ 2004 , 4137 ],
[ 2005 , 4844 ],
[ 2006 , 5705 ],
[ 2007 , 5111 ],
[ 2008 , 4736 ],
[ 2009 , 4637 ],
[ 2010 , 4573 ],
[ 2011 , 4601 ],
[ 2012 , 4621 ],
[ 2013 , 4669 ],
[ 2014 , 4747 ],
] },
{ "key" : "Hvalfjarðarsveit", "values" : [
[ 2004 , 561 ],
[ 2005 , 603 ],
[ 2006 , 616 ],
[ 2007 , 683 ],
[ 2008 , 641 ],
[ 2009 , 626 ],
[ 2010 , 617 ],
[ 2011 , 624 ],
[ 2012 , 602 ],
[ 2013 , 619 ],
[ 2014 , 633 ],
] },
{ "key" : "Mýrdalshreppur", "values" : [
[ 2004 , 509 ],
[ 2005 , 503 ],
[ 2006 , 496 ],
[ 2007 , 488 ],
[ 2008 , 487 ],
[ 2009 , 511 ],
[ 2010 , 474 ],
[ 2011 , 457 ],
[ 2012 , 459 ],
[ 2013 , 491 ],
[ 2014 , 483 ],
] },
{ "key" : "Seltjarnarnes", "values" : [
[ 2004 , 4547 ],
[ 2005 , 4461 ],
[ 2006 , 4467 ],
[ 2007 , 4428 ],
[ 2008 , 4410 ],
[ 2009 , 4406 ],
[ 2010 , 4327 ],
[ 2011 , 4304 ],
[ 2012 , 4332 ],
[ 2013 , 4376 ],
[ 2014 , 4415 ],
] },
{ "key" : "Eyja- og Miklaholtshreppur", "values" : [
[ 2004 , 141 ],
[ 2005 , 137 ],
[ 2006 , 140 ],
[ 2007 , 130 ],
[ 2008 , 132 ],
[ 2009 , 139 ],
[ 2010 , 135 ],
[ 2011 , 131 ],
[ 2012 , 156 ],
[ 2013 , 149 ],
[ 2014 , 147 ],
] },
{ "key" : "Blönduósbær", "values" : [
[ 2004 , 917 ],
[ 2005 , 903 ],
[ 2006 , 892 ],
[ 2007 , 895 ],
[ 2008 , 908 ],
[ 2009 , 879 ],
[ 2010 , 900 ],
[ 2011 , 880 ],
[ 2012 , 873 ],
[ 2013 , 888 ],
[ 2014 , 859 ],
] },
{ "key" : "Hveragerði", "values" : [
[ 2004 , 2021 ],
[ 2005 , 2089 ],
[ 2006 , 2189 ],
[ 2007 , 2274 ],
[ 2008 , 2316 ],
[ 2009 , 2302 ],
[ 2010 , 2317 ],
[ 2011 , 2275 ],
[ 2012 , 2283 ],
[ 2013 , 2312 ],
[ 2014 , 2383 ],
] },
{ "key" : "Svalbarðshreppur", "values" : [
[ 2004 , 116 ],
[ 2005 , 109 ],
[ 2006 , 106 ],
[ 2007 , 110 ],
[ 2008 , 108 ],
[ 2009 , 107 ],
[ 2010 , 106 ],
[ 2011 , 102 ],
[ 2012 , 102 ],
[ 2013 , 90 ],
[ 2014 , 98 ],
] },
{ "key" : "Vesturbyggð", "values" : [
[ 2004 , 1020 ],
[ 2005 , 965 ],
[ 2006 , 937 ],
[ 2007 , 920 ],
[ 2008 , 901 ],
[ 2009 , 938 ],
[ 2010 , 891 ],
[ 2011 , 905 ],
[ 2012 , 935 ],
[ 2013 , 952 ],
[ 2014 , 997 ],
] },
{ "key" : "Seyðisfjörður", "values" : [
[ 2004 , 714 ],
[ 2005 , 731 ],
[ 2006 , 726 ],
[ 2007 , 716 ],
[ 2008 , 717 ],
[ 2009 , 706 ],
[ 2010 , 669 ],
[ 2011 , 676 ],
[ 2012 , 676 ],
[ 2013 , 671 ],
[ 2014 , 653 ],
] },
];
